{
 "cells": [
  {
   "cell_type": "code",
   "id": "initial_id",
   "metadata": {
    "collapsed": true,
    "ExecuteTime": {
     "end_time": "2025-12-10T23:06:52.030589Z",
     "start_time": "2025-12-10T23:06:51.970648Z"
    }
   },
   "source": [
    "import numpy as np\n",
    "from sympy.physics.wigner import wigner_3j\n",
    "import sympy as sp\n",
    "from IPython.display import display, Math\n",
    "import scipy.integrate as integ\n",
    "import matplotlib.pyplot as plt\n",
    "from mpl_toolkits.mplot3d import Axes3D\n",
    "import math\n",
    "import functions as fun\n",
    "\n",
    "\n",
    "\n",
    "hbar = 1\n",
    "me   = 1\n",
    "mp = 1836.15\n",
    "u = (me*mp)/(me+mp)\n",
    "u=1\n",
    "Z = 2\n",
    "alfa = 1/137\n",
    "c = 1/alfa\n",
    "\n",
    "chi_alf = np.array([1,0])\n",
    "chi_bet = np.array([0,1])\n",
    "\n",
    "w,r, phi, theta ,r_ ,phi_,theta_ = sp.symbols('w r phi theta r_ phi_ theta_', real=True)\n",
    "\n",
    "dtheta = sp.lambdify(theta,sp.sin(theta),\"numpy\")\n",
    "\n",
    "\n",
    "hart2cm = 455.633 # en angstroms\n",
    "hart2ev = 27.2116 # en electronvoltios\n",
    "hart2invcm = 219475\n",
    "ua2Tesla = 2.35e5\n",
    "ua2elV_m = 5.142e11\n",
    "\n",
    "r_vals, thetvals,phivals = np.linspace(0.00001,100,100000),np.linspace(0.00001,np.pi-0.0001,700) , np.linspace(0.00001,2*np.pi-0.00001,700)\n",
    "Tvals, Pvals = np.meshgrid(thetvals, phivals) # x, y\n",
    "\n",
    "\n",
    "\"\"\"\n",
    "Importamos las funciones definidas del anterior taller para asi usar los autoestados del atomo de hidrogeno\n",
    "\"\"\"\n",
    "\n",
    "\n",
    "def eferic_armonics_numeric(var1,var2,l,m):\n",
    "    ef = (sp.sqrt((2*l+1)/(4*sp.pi) * sp.factorial(l-abs(m))/sp.factorial(l+abs(m)) )\n",
    "          * sp.exp(sp.I * m * var2) * 1/(2**l * sp.factorial(l)) *\n",
    "          (1-w**2)**(abs(m)/2)* sp.diff((w**2-1)**l,(w,l+abs(m))))\n",
    "    ef = ef.subs(w,sp.cos(var1))\n",
    "    return ef\n",
    "\n",
    "def chi(s,ms):\n",
    "    if ms == 1/2:\n",
    "        return np.array([1,0])\n",
    "    elif ms == -1/2:\n",
    "        return np.array([0,1])\n",
    "\n",
    "def chi_finder(f):\n",
    "    try :\n",
    "        if float(np.dot(chi_alf,f)) == 0: # significa que la función de onda tiene como ms = -1/2,  osea, f = [0,psi]\n",
    "            return chi_bet\n",
    "    except TypeError:\n",
    "        # si llega hasta aca es porque capto que el producto punto es una función y no cero, lo que indica que la entrada es una función de onda con spin ms = +1/2\n",
    "        # osea f = [psi,0],\n",
    "        return chi_alf\n",
    "\n",
    "\n",
    "def Radial_part_numeric(var1,n,l):\n",
    "    p = 2*Z*u/n  * var1\n",
    "    radial = sp.S(0)\n",
    "    for k in range(n-l):\n",
    "        radial +=  (-1)**(k+1) * (sp.factorial(n+l))**2/ (sp.factorial(n-l-1-k)*sp.factorial(2*l+1+k)*sp.factorial(k)) * p**k\n",
    "\n",
    "    radial *= - sp.sqrt(((2*Z*u/n)**3 * sp.factorial(n-l-1)/(2*n*(sp.factorial(n+l))**3  ))) * sp.exp(-p/2) * p**l\n",
    "\n",
    "    return radial\n",
    "\n",
    "\n",
    "def integrate_2d(Z, x, y, method):\n",
    "    \"\"\"\n",
    "    Z: 2D array shaped (len(y), len(x))  -> f(y_i, x_j)\n",
    "    x: 1D array (len Nx)\n",
    "    y: 1D array (len Ny)\n",
    "    method: 'rect', 'trapz', or 'simps'\n",
    "    \"\"\"\n",
    "    if method == 'rect':\n",
    "        dx = x[1]-x[0]\n",
    "        dy = y[1]-y[0]\n",
    "        return np.sum(Z) * dx * dy\n",
    "    elif method == 'trapz':\n",
    "        return np.trapezoid(np.trapezoid(Z, x=x, axis=1), x=y, axis=0)\n",
    "    elif method == 'simps':\n",
    "        return integ.simpson(integ.simpson(Z, x=x, axis=1), x=y, axis=0)\n",
    "    else:\n",
    "        raise ValueError(\"method must be 'rect','trapz' or 'simps'\")\n",
    "\n",
    "\n",
    "def safe_lambdify(vars, expr):\n",
    "    f = sp.lambdify(vars, expr, \"numpy\")\n",
    "    return lambda *args: np.broadcast_to(f(*args), np.broadcast(*args).shape)\n",
    "\n",
    "def Psi(var1,var2,var3,n,l,ml,s,ms):\n",
    "    psi = Radial_part_numeric(var1,n,l)*eferic_armonics_numeric(var2,var3,l,ml)*chi(s,ms)\n",
    "    return psi\n",
    "\n",
    "\n",
    "def L2_op (f):\n",
    "    L2 = -hbar**2*(sp.diff(f,theta,2)   +  sp.cot(theta)*sp.diff(f,theta)+1/(sp.sin(theta))**2 *sp.diff(f,phi,2))\n",
    "    return L2\n",
    "\n",
    "def R_op(f):\n",
    "    rop = -hbar**2/(2*u)* (sp.diff(f,r,2) + 2/r * sp.diff(f,r))\n",
    "    return rop\n",
    "\n",
    "def Hamiltonian(f):\n",
    "    Ham = R_op(f) + 1/(2*u*r**2)*L2_op(f) -Z/r * f\n",
    "    return Ham\n",
    "\n",
    "def Matx_element_Op (f,op):\n",
    "    # this finds the matrix element of an specific operator\n",
    "    r_part = sp.integrate(np.dot(sp.conjugate(f),op)*r**2,(r,0,sp.oo))\n",
    "    r_part = safe_lambdify((theta,phi), r_part)\n",
    "\n",
    "    sol = integrate_2d(r_part(Tvals,Pvals)*dtheta(Tvals),thetvals,phivals,'simps')\n",
    "\n",
    "    sol = float(sol)\n",
    "\n",
    "    return sol\n",
    "\n",
    "def quantum_nums(f):\n",
    "\n",
    "    ml = round(float(Matx_element_Op(f,Lz_op(theta,phi,np.dot(chi_alf+chi_bet,f))*chi_finder(f)  )))\n",
    "\n",
    "    l_l_1 = float(Matx_element_Op(f,L2_op(np.dot(chi_alf+chi_bet,f))*chi_finder(f)    ))\n",
    "    l_var = sp.symbols('l_var')\n",
    "    y = l_var*(l_var+1) - l_l_1\n",
    "    sol = sp.solve(y,l_var)\n",
    "    l = round(max(sol))\n",
    "\n",
    "    En = float(Matx_element_Op(f,Hamiltonian(np.dot(chi_alf+chi_bet,f))*chi_finder(f)   ))\n",
    "    n = round(math.sqrt(-u*Z**2/(2*En)))\n",
    "\n",
    "    s = 1/2\n",
    "\n",
    "    chi = chi_finder(f)\n",
    "    ms = 0\n",
    "    if chi[0] == chi_alf[0]:\n",
    "        ms = 1/2\n",
    "    elif chi[1] == chi_bet[1]:\n",
    "        ms = -1/2\n",
    "\n",
    "    return [n,l,ml,s,ms]\n",
    "\n",
    "\n",
    "\n",
    "def J2_op (f):\n",
    "    j2 = L2_op(theta,phi,f) + L2_op(theta_,phi_,f) + 2*(Lx_op(theta,phi,f)+Ly_op(theta,phi,f)+Lz_op(theta,phi,f))* (Lx_op(theta_,phi_,f)+Ly_op(theta_,phi_,f)+Lz_op(theta_,phi_,f))\n",
    "    return j2\n",
    "\n",
    "def Jz_op (f):\n",
    "    jz = Lz_op(theta,phi,f) + Lz_op(theta_,phi_,f)\n",
    "    return jz\n",
    "\n",
    "\n",
    "def clebseth_G(j1,j2,m1,m2,j,m,Sp_notSp_):\n",
    "    if Sp_notSp_ == True:\n",
    "        return sp.integrate(sp.integrate( np.dot(sp.conjugate(Y_S(j1,m1,j2,m2)) , eferic_armonics_numeric(theta,phi,j,m)* chi_finder(Y_S(j1,m1,j2,m2))  ) * sp.sin(theta),(theta,0,sp.pi)),(phi,0,2*sp.pi))\n",
    "    else:\n",
    "        return abs(sp.integrate(sp.integrate( sp.conjugate(Y1_Y2(j1,m1,j2,m2)) * eferic_armonics_numeric(theta,phi,j,m) *sp.sin(theta),(theta,0,sp.pi)),(phi,0,2*sp.pi)))\n",
    "\n",
    "def Y1_Y2  (l,ml,lp,mp):\n",
    "    mult_esferic = eferic_armonics_numeric(theta,phi,l,ml) * eferic_armonics_numeric(theta_,phi_,lp,mp)\n",
    "    return mult_esferic\n",
    "\n",
    "def Y_S (l,ml,s,ms):\n",
    "    mult_esferic = eferic_armonics_numeric(theta,phi,l,ml) * chi(s,ms)\n",
    "    return mult_esferic\n",
    "\n",
    "\n",
    "def Lx_op (var1,var2,f):\n",
    "    Lx = 1/2 * (Lplus_op(var1,var2,f)+Lminus_op(var1,var2,f))\n",
    "    return Lx\n",
    "\n",
    "def Ly_op (var1,var2,f):\n",
    "    Ly= 1/(2*sp.I) * (Lplus_op(var1,var2,f)-Lminus_op(var1,var2,f))\n",
    "    return Ly\n",
    "\n",
    "def Lz_op (var1,var2,f):\n",
    "    Lz = -sp.I*hbar*sp.diff(f,var2)\n",
    "    return Lz\n",
    "\n",
    "def Lplus_op(var1,var2,f):\n",
    "    try :\n",
    "        if float(np.sum(f)) == 0:\n",
    "            return np.array([0,0])\n",
    "\n",
    "    except TypeError:\n",
    "        qnums = quantum_nums(f)\n",
    "        l_l_1 = float(Matx_element_Op(f,L2_op(np.dot(chi_alf+chi_bet,f))*chi_finder(f)    ))\n",
    "\n",
    "        if qnums[2] == qnums[1] :\n",
    "            return np.array([0,0])\n",
    "        else:\n",
    "            return hbar* math.sqrt(l_l_1-qnums[2]*(qnums[2]+1)) *Psi(r,var1,var2,qnums[0],qnums[1],qnums[2]+1,qnums[3],qnums[4])\n",
    "\n",
    "def Lminus_op(var1,var2,f):\n",
    "    try :\n",
    "        if float(np.sum(f)) == 0:\n",
    "            return np.array([0,0])\n",
    "\n",
    "    except TypeError:\n",
    "        qnums = quantum_nums(f)\n",
    "        l_l_1 = float(Matx_element_Op(f,L2_op(np.dot(chi_alf+chi_bet,f))*chi_finder(f)    ))\n",
    "\n",
    "        if qnums[2] == -qnums[1] :\n",
    "            return np.array([0,0])\n",
    "        else:\n",
    "            return hbar* math.sqrt(l_l_1-qnums[2]*(qnums[2]-1)) *Psi(r,var1,var2,qnums[0],qnums[1],qnums[2]-1,qnums[3],qnums[4])\n",
    "\n",
    "\n",
    "def Splus_op(f):\n",
    "    try :\n",
    "        if float(np.dot(chi_alf,f)) == 0: # significa que la función de onda tiene como ms = -1/2,  osea, f = [0,psi]\n",
    "            return hbar * np.array([f[1],0])\n",
    "    except TypeError:\n",
    "        # si llega hasta aca es porque capto que el producto punto es una función y no cero, lo que indica que la entrada es una función de onda con spin ms = +1/2\n",
    "        # osea f = [psi,0], S+ deberia de anular esto.\n",
    "        return f[0] * np.array([0,0])\n",
    "\n",
    "def Sminus_op(f):\n",
    "    try :\n",
    "        if float(np.dot(chi_alf,f)) == 0: # significa que la función de onda tiene como ms = -1/2,  osea, f = [0,psi] , el resultado seria anular\n",
    "            return f[1] * np.array([0,0])\n",
    "    except TypeError:\n",
    "        # si llega hasta aca es porque capto que el producto punto es una función y no cero, lo que indica que la entrada es una función de onda con spin ms = +1/2\n",
    "        # osea f = [psi,0]\n",
    "        return hbar * np.array([0,f[0]])\n",
    "\n",
    "def S2_op (f):\n",
    "    return  3/4 * hbar**2 * f\n",
    "\n",
    "def Sx_op (f):\n",
    "    sx = 1/2 * (Splus_op(f)+Sminus_op(f))\n",
    "    return sx\n",
    "\n",
    "def Sy_op (f):\n",
    "    sy = 1/(sp.I*2) * (Splus_op(f)-Sminus_op(f))\n",
    "    return sy\n",
    "\n",
    "\n",
    "def Sz_op (f):\n",
    "    try :\n",
    "        if float(np.dot(chi_alf,f)) == 0: # significa que la función de onda tiene como ms = -1/2,  osea, f = [0,psi]\n",
    "            return -1/2 * hbar * f\n",
    "    except TypeError:\n",
    "        # si llega hasta aca es porque capto que el producto punto es una función y no cero, lo que indica que la entrada es una función de onda con spin ms = +1/2\n",
    "        # osea f = [psi,0],\n",
    "        return 1/2 * hbar * f\n",
    "\n",
    "\n",
    "def En1_n2 (n1,n2):\n",
    "    return -u/2 * Z**2 *(1/n1**2 + 1/n2**2)\n",
    "\n",
    "\n",
    "# Definimos la matriz spin orbita como :\n",
    "\n",
    "def SPO(f):\n",
    "\n",
    "    spo = 1/2 * alfa**2 * Z/r**3 * (  Lz_op(theta,phi,np.dot(chi_alf+chi_bet,Sz_op(f)))*chi_finder(f)   + 1/2*(Lplus_op(theta,phi,Sminus_op(f)) + Lminus_op(theta,phi,Splus_op(f))    ))\n",
    "\n",
    "    return spo\n"
   ],
   "outputs": [],
   "execution_count": 4
  },
  {
   "metadata": {
    "ExecuteTime": {
     "end_time": "2025-12-10T23:07:39.405174Z",
     "start_time": "2025-12-10T23:06:52.041299Z"
    }
   },
   "cell_type": "code",
   "source": [
    "## Definimos para 1/sqrt(2) (|1 0 0>|n l ml> + |n l ml>|1 0 0>)\n",
    "\n",
    "\n",
    "def make_symmetric(A):\n",
    "    \"\"\"\n",
    "    Given a square matrix A where only the upper-triangular part\n",
    "    contains meaningful values and the lower-triangular part is zeros,\n",
    "    return a symmetric matrix.\n",
    "    \"\"\"\n",
    "    A = np.asarray(A)\n",
    "    return A + A.T - np.diag(np.diag(A))\n",
    "\n",
    "\n",
    "\n",
    "\n",
    "def _Correccion_parasingletes(n,l,ml,n_,l_,ml_):\n",
    "\n",
    "\n",
    "    _2I1_hard = (sp.integrate( r_**2 * sp.conjugate(Radial_part_numeric(r_,n_,l_)) * Radial_part_numeric(r_,n,l) * 1/r , (r_,0,r)) +\n",
    "                 sp.integrate( r_**2 * sp.conjugate(Radial_part_numeric(r_,n_,l_)) * Radial_part_numeric(r_,n,l) * 1/r_ , (r_,r,sp.oo)))\n",
    "\n",
    "    _2I1_hard_num = safe_lambdify(r,_2I1_hard)\n",
    "\n",
    "    R_R_1 = safe_lambdify(r, r**2 * sp.conjugate(Radial_part_numeric(r,1,0)) * Radial_part_numeric(r,1,0))\n",
    "\n",
    "\n",
    "    _2I1 = float( integ.simpson(R_R_1(r_vals)*_2I1_hard_num(r_vals),r_vals))* fun.dcroc(l,l_) * fun.dcroc(ml,ml_)\n",
    "\n",
    "\n",
    "\n",
    "\n",
    "    # _2I1 = float(2 * sp.integrate( r**2 * sp.conjugate(Radial_part_numeric(r,1,0)) * Radial_part_numeric(r,1,0)  *\n",
    "    #\n",
    "    #                         (sp.integrate( r_**2 * sp.conjugate(Radial_part_numeric(r_,n_,l_)) * Radial_part_numeric(r_,n,l) * 1/r , (r_,0,r)) +\n",
    "    #                          sp.integrate( r_**2 * sp.conjugate(Radial_part_numeric(r_,n_,l_)) * Radial_part_numeric(r_,n,l) * 1/r_ , (r_,r,sp.oo)))\n",
    "    #\n",
    "    #                         ,(r,0,sp.oo))) * fun.dcroc(l,l_) * fun.dcroc(ml,ml_)\n",
    "\n",
    "\n",
    "    _2I2_hard = (sp.integrate( r_**2 * sp.conjugate(Radial_part_numeric(r_,n_,l_)) * Radial_part_numeric(r_,1,0) * (r_)**l/(r)**(l+1) , (r_,0,r)) +\n",
    "                 sp.integrate( r_**2 * sp.conjugate(Radial_part_numeric(r_,n_,l_)) * Radial_part_numeric(r_,1,0) * (r)**l/(r_)**(l+1) , (r_,r,sp.oo)))\n",
    "\n",
    "    _2I2_hard_num = safe_lambdify(r,_2I2_hard)\n",
    "\n",
    "    R_R_2 = safe_lambdify(r, r**2 * sp.conjugate(Radial_part_numeric(r,1,0)) * Radial_part_numeric(r,n,l))\n",
    "\n",
    "    _2I2 = float( 1/(2*l+1)* integ.simpson(R_R_2(r_vals)*_2I2_hard_num(r_vals),r_vals))\n",
    "\n",
    "\n",
    "    # _2I2 = float(2 * 1/(2*l+1) * sp.integrate( r**2 * sp.conjugate(Radial_part_numeric(r,1,0)) * Radial_part_numeric(r,n,l)  *\n",
    "    #\n",
    "    #                         (sp.integrate( r_**2 * sp.conjugate(Radial_part_numeric(r_,n_,l_)) * Radial_part_numeric(r_,1,0) * (r_)**l/(r)**(l+1) , (r_,0,r)) +\n",
    "    #                          sp.integrate( r_**2 * sp.conjugate(Radial_part_numeric(r_,n_,l_)) * Radial_part_numeric(r_,1,0) * (r)**l/(r_)**(l+1) , (r_,r,sp.oo)))\n",
    "    #\n",
    "    #                         ,(r,0,sp.oo)))\n",
    "\n",
    "    return  1/2 * (_2I1 + _2I2)\n",
    "\n",
    "\n",
    "\n",
    "\n",
    "nmax = 3\n",
    "\n",
    "num = nmax*(nmax+1)*(2*nmax+1)/6\n",
    "\n",
    "Hmatrix1 = np.zeros((14,14))\n",
    "i = 0\n",
    "j = 0\n",
    "\n",
    "for n in range(1,nmax+1):\n",
    "    for l in range(0,n):\n",
    "        for ml in range(-l,l+1):\n",
    "            for n_ in range(n,nmax+1):\n",
    "                for l_ in range(l,n_):\n",
    "                    for ml_ in range(ml,l_+1):\n",
    "                        Hmatrix1[i,j] = _Correccion_parasingletes(n,l,ml,n_,l_,ml_)\n",
    "                        j += 1\n",
    "            Hmatrix1[i,i] += En1_n2(1,n)\n",
    "            i += 1\n",
    "            j = i\n",
    "\n",
    "\n",
    "Hmatrix1= make_symmetric(Hmatrix1)\n",
    "\n",
    "eig1_n2, eig2_n2 = np.linalg.eigh(Hmatrix1)\n",
    "\n",
    "print(np.round(eig1_n2,8))\n",
    "print(Hmatrix1)\n"
   ],
   "id": "fcf29d63b70a129e",
   "outputs": [
    {
     "name": "stdout",
     "output_type": "stream",
     "text": [
      "[-2.93696346 -2.32920426 -2.25737458 -2.23854872 -2.20282212 -2.11422092\n",
      " -2.11242439 -2.11182997 -2.11105006 -2.11093707 -2.11028113 -2.10994951\n",
      " -2.09821799 -1.89306616]\n",
      "[[-2.75000000e+00  1.78710067e-01  2.06558131e-01  2.06558131e-01\n",
      "   8.79188990e-02  1.07067197e-01  1.07067197e-01  3.23046764e-02\n",
      "   3.23046764e-02  3.23046764e-02  0.00000000e+00  0.00000000e+00\n",
      "   0.00000000e+00  0.00000000e+00]\n",
      " [ 1.78710067e-01 -2.26817558e+00  1.90074163e-02  1.90074163e-02\n",
      "   6.17493954e-02  1.06627131e-02  1.06627131e-02  1.81101155e-03\n",
      "   1.81101155e-03  1.81101155e-03  0.00000000e+00  0.00000000e+00\n",
      "   0.00000000e+00  0.00000000e+00]\n",
      " [ 2.06558131e-01  1.90074163e-02 -2.24013108e+00  1.70705685e-02\n",
      "   1.70705685e-02  6.61423791e-02  8.75117126e-03  8.75117126e-03\n",
      "   2.87292960e-03  2.87292960e-03  2.87292960e-03  2.87292960e-03\n",
      "   0.00000000e+00  0.00000000e+00]\n",
      " [ 2.06558131e-01  1.90074163e-02  1.70705685e-02 -2.24013108e+00\n",
      "   1.70705685e-02  6.61423791e-02  8.75117126e-03  2.87292960e-03\n",
      "   2.87292960e-03  2.87292960e-03  0.00000000e+00  0.00000000e+00\n",
      "   0.00000000e+00  0.00000000e+00]\n",
      " [ 8.79188990e-02  6.17493954e-02  1.70705685e-02  1.70705685e-02\n",
      "  -2.24013108e+00  6.61423791e-02  2.87292960e-03  2.87292960e-03\n",
      "   0.00000000e+00  0.00000000e+00  0.00000000e+00  0.00000000e+00\n",
      "   0.00000000e+00  0.00000000e+00]\n",
      " [ 1.07067197e-01  1.06627131e-02  6.61423791e-02  6.61423791e-02\n",
      "   6.61423791e-02 -2.11696710e+00  4.98479207e-03  4.98479207e-03\n",
      "   7.81690950e-04  7.81690950e-04  7.81690950e-04  0.00000000e+00\n",
      "   0.00000000e+00  0.00000000e+00]\n",
      " [ 1.07067197e-01  1.06627131e-02  8.75117126e-03  8.75117126e-03\n",
      "   2.87292960e-03  4.98479207e-03 -2.10886468e+00  4.53186035e-03\n",
      "   4.53186035e-03  1.41255515e-03  1.41255515e-03  1.41255515e-03\n",
      "   1.41255515e-03  0.00000000e+00]\n",
      " [ 3.23046764e-02  1.81101155e-03  8.75117126e-03  2.87292960e-03\n",
      "   2.87292960e-03  4.98479207e-03  4.53186035e-03 -2.10886468e+00\n",
      "   4.53186035e-03  1.41255515e-03  1.41255515e-03  1.41255515e-03\n",
      "   0.00000000e+00  0.00000000e+00]\n",
      " [ 3.23046764e-02  1.81101155e-03  2.87292960e-03  2.87292960e-03\n",
      "   0.00000000e+00  7.81690950e-04  4.53186035e-03  4.53186035e-03\n",
      "  -2.10886468e+00  1.41255515e-03  1.41255515e-03  0.00000000e+00\n",
      "   0.00000000e+00  0.00000000e+00]\n",
      " [ 3.23046764e-02  1.81101155e-03  2.87292960e-03  2.87292960e-03\n",
      "   0.00000000e+00  7.81690950e-04  1.41255515e-03  1.41255515e-03\n",
      "   1.41255515e-03 -2.11095208e+00  2.47192383e-04  2.47192383e-04\n",
      "   2.47192383e-04  2.47192383e-04]\n",
      " [ 0.00000000e+00  0.00000000e+00  2.87292960e-03  0.00000000e+00\n",
      "   0.00000000e+00  7.81690950e-04  1.41255515e-03  1.41255515e-03\n",
      "   1.41255515e-03  2.47192383e-04 -2.11095208e+00  2.47192383e-04\n",
      "   2.47192383e-04  2.47192383e-04]\n",
      " [ 0.00000000e+00  0.00000000e+00  2.87292960e-03  0.00000000e+00\n",
      "   0.00000000e+00  0.00000000e+00  1.41255515e-03  1.41255515e-03\n",
      "   0.00000000e+00  2.47192383e-04  2.47192383e-04 -2.11095208e+00\n",
      "   2.47192383e-04  2.47192383e-04]\n",
      " [ 0.00000000e+00  0.00000000e+00  0.00000000e+00  0.00000000e+00\n",
      "   0.00000000e+00  0.00000000e+00  1.41255515e-03  0.00000000e+00\n",
      "   0.00000000e+00  2.47192383e-04  2.47192383e-04  2.47192383e-04\n",
      "  -2.11095208e+00  2.47192383e-04]\n",
      " [ 0.00000000e+00  0.00000000e+00  0.00000000e+00  0.00000000e+00\n",
      "   0.00000000e+00  0.00000000e+00  0.00000000e+00  0.00000000e+00\n",
      "   0.00000000e+00  2.47192383e-04  2.47192383e-04  2.47192383e-04\n",
      "   2.47192383e-04 -2.11095208e+00]]\n"
     ]
    }
   ],
   "execution_count": 5
  },
  {
   "metadata": {
    "ExecuteTime": {
     "end_time": "2025-12-10T23:08:21.569424Z",
     "start_time": "2025-12-10T23:07:39.487791Z"
    }
   },
   "cell_type": "code",
   "source": [
    "## Definimos para 1/sqrt(2) (|1 0 0>|n l ml> + |n l ml>|1 0 0>)\n",
    "\n",
    "\n",
    "def _Correccion_ortotripletes(n,l,ml,n_,l_,ml_):\n",
    "\n",
    "\n",
    "    _2I1_hard = (sp.integrate( r_**2 * sp.conjugate(Radial_part_numeric(r_,n_,l_)) * Radial_part_numeric(r_,n,l) * 1/r , (r_,0,r)) +\n",
    "                 sp.integrate( r_**2 * sp.conjugate(Radial_part_numeric(r_,n_,l_)) * Radial_part_numeric(r_,n,l) * 1/r_ , (r_,r,sp.oo)))\n",
    "\n",
    "    _2I1_hard_num = safe_lambdify(r,_2I1_hard)\n",
    "\n",
    "    R_R_1 = safe_lambdify(r, r**2 * sp.conjugate(Radial_part_numeric(r,1,0)) * Radial_part_numeric(r,1,0))\n",
    "\n",
    "\n",
    "    _2I1 = float(integ.simpson(R_R_1(r_vals)*_2I1_hard_num(r_vals),r_vals))* fun.dcroc(l,l_) * fun.dcroc(ml,ml_)\n",
    "\n",
    "\n",
    "\n",
    "\n",
    "    # _2I1 = float(2 * sp.integrate( r**2 * sp.conjugate(Radial_part_numeric(r,1,0)) * Radial_part_numeric(r,1,0)  *\n",
    "    #\n",
    "    #                         (sp.integrate( r_**2 * sp.conjugate(Radial_part_numeric(r_,n_,l_)) * Radial_part_numeric(r_,n,l) * 1/r , (r_,0,r)) +\n",
    "    #                          sp.integrate( r_**2 * sp.conjugate(Radial_part_numeric(r_,n_,l_)) * Radial_part_numeric(r_,n,l) * 1/r_ , (r_,r,sp.oo)))\n",
    "    #\n",
    "    #                         ,(r,0,sp.oo))) * fun.dcroc(l,l_) * fun.dcroc(ml,ml_)\n",
    "\n",
    "\n",
    "    _2I2_hard = (sp.integrate( r_**2 * sp.conjugate(Radial_part_numeric(r_,n_,l_)) * Radial_part_numeric(r_,1,0) * (r_)**l/(r)**(l+1) , (r_,0,r)) +\n",
    "                 sp.integrate( r_**2 * sp.conjugate(Radial_part_numeric(r_,n_,l_)) * Radial_part_numeric(r_,1,0) * (r)**l/(r_)**(l+1) , (r_,r,sp.oo)))\n",
    "\n",
    "    _2I2_hard_num = safe_lambdify(r,_2I2_hard)\n",
    "\n",
    "    R_R_2 = safe_lambdify(r, r**2 * sp.conjugate(Radial_part_numeric(r,1,0)) * Radial_part_numeric(r,n,l))\n",
    "\n",
    "    _2I2 = float( 1/(2*l+1)* integ.simpson(R_R_2(r_vals)*_2I2_hard_num(r_vals),r_vals))\n",
    "\n",
    "\n",
    "    # _2I2 = float(2 * 1/(2*l+1) * sp.integrate( r**2 * sp.conjugate(Radial_part_numeric(r,1,0)) * Radial_part_numeric(r,n,l)  *\n",
    "    #\n",
    "    #                         (sp.integrate( r_**2 * sp.conjugate(Radial_part_numeric(r_,n_,l_)) * Radial_part_numeric(r_,1,0) * (r_)**l/(r)**(l+1) , (r_,0,r)) +\n",
    "    #                          sp.integrate( r_**2 * sp.conjugate(Radial_part_numeric(r_,n_,l_)) * Radial_part_numeric(r_,1,0) * (r)**l/(r_)**(l+1) , (r_,r,sp.oo)))\n",
    "    #\n",
    "    #                         ,(r,0,sp.oo)))\n",
    "\n",
    "    return  1/2 * (_2I1 - _2I2)\n",
    "\n",
    "nmax = 3\n",
    "\n",
    "\n",
    "Hmatrix2 = np.zeros((13,13)) ## No existe 1s estado triplete\n",
    "i = 0\n",
    "j = 0\n",
    "\n",
    "for n in range(2,nmax+1):\n",
    "    for l in range(0,n):\n",
    "        for ml in range(-l,l+1):\n",
    "            for n_ in range(n,nmax+1):\n",
    "                for l_ in range(l,n_):\n",
    "                    for ml_ in range(ml,l_+1):\n",
    "                        Hmatrix2[i,j] = _Correccion_ortotripletes(n,l,ml,n_,l_,ml_)\n",
    "                        j += 1\n",
    "            Hmatrix2[i,i] += En1_n2(1,n)\n",
    "            i += 1\n",
    "            j = i\n",
    "\n",
    "\n",
    "Hmatrix2 = make_symmetric(Hmatrix2)\n",
    "\n",
    "eig1_n2, eig2_n2 = np.linalg.eigh(Hmatrix2)\n",
    "\n",
    "print(np.round(eig1_n2,8))\n",
    "print(Hmatrix2)"
   ],
   "id": "65ed2a0324377fd4",
   "outputs": [
    {
     "name": "stdout",
     "output_type": "stream",
     "text": [
      "[-2.3449557  -2.33810242 -2.25738466 -2.22987311 -2.13009979 -2.11463604\n",
      " -2.11354552 -2.11173512 -2.1111753  -2.11098552 -2.11081031 -2.11068046\n",
      " -2.09042429]\n",
      "[[-2.31207133e+00 -1.90074163e-02 -1.90074163e-02  3.93035584e-02\n",
      "  -1.06627131e-02 -1.06627131e-02 -1.81101155e-03 -1.81101155e-03\n",
      "  -1.81101155e-03  0.00000000e+00  0.00000000e+00  0.00000000e+00\n",
      "   0.00000000e+00]\n",
      " [-1.90074163e-02 -2.27427221e+00 -1.70705685e-02 -1.70705685e-02\n",
      "   4.86400366e-02 -8.75117126e-03 -8.75117126e-03 -2.87292960e-03\n",
      "  -2.87292960e-03 -2.87292960e-03 -2.87292960e-03  0.00000000e+00\n",
      "   0.00000000e+00]\n",
      " [-1.90074163e-02 -1.70705685e-02 -2.27427221e+00 -1.70705685e-02\n",
      "   4.86400366e-02 -8.75117126e-03 -2.87292960e-03 -2.87292960e-03\n",
      "  -2.87292960e-03  0.00000000e+00  0.00000000e+00  0.00000000e+00\n",
      "   0.00000000e+00]\n",
      " [ 3.93035584e-02 -1.70705685e-02 -1.70705685e-02 -2.27427221e+00\n",
      "   4.86400366e-02 -2.87292960e-03 -2.87292960e-03  0.00000000e+00\n",
      "   0.00000000e+00  0.00000000e+00  0.00000000e+00  0.00000000e+00\n",
      "   0.00000000e+00]\n",
      " [-1.06627131e-02  4.86400366e-02  4.86400366e-02  4.86400366e-02\n",
      "  -2.12850274e+00 -4.98479207e-03 -4.98479207e-03 -7.81690950e-04\n",
      "  -7.81690950e-04 -7.81690950e-04  0.00000000e+00  0.00000000e+00\n",
      "   0.00000000e+00]\n",
      " [-1.06627131e-02 -8.75117126e-03 -8.75117126e-03 -2.87292960e-03\n",
      "  -4.98479207e-03 -2.11792840e+00 -4.53186035e-03 -4.53186035e-03\n",
      "  -1.41255515e-03 -1.41255515e-03 -1.41255515e-03 -1.41255515e-03\n",
      "   0.00000000e+00]\n",
      " [-1.81101155e-03 -8.75117126e-03 -2.87292960e-03 -2.87292960e-03\n",
      "  -4.98479207e-03 -4.53186035e-03 -2.11792840e+00 -4.53186035e-03\n",
      "  -1.41255515e-03 -1.41255515e-03 -1.41255515e-03  0.00000000e+00\n",
      "   0.00000000e+00]\n",
      " [-1.81101155e-03 -2.87292960e-03 -2.87292960e-03  0.00000000e+00\n",
      "  -7.81690950e-04 -4.53186035e-03 -4.53186035e-03 -2.11792840e+00\n",
      "  -1.41255515e-03 -1.41255515e-03  0.00000000e+00  0.00000000e+00\n",
      "   0.00000000e+00]\n",
      " [-1.81101155e-03 -2.87292960e-03 -2.87292960e-03  0.00000000e+00\n",
      "  -7.81690950e-04 -1.41255515e-03 -1.41255515e-03 -1.41255515e-03\n",
      "  -2.11144647e+00 -2.47192383e-04 -2.47192383e-04 -2.47192383e-04\n",
      "  -2.47192383e-04]\n",
      " [ 0.00000000e+00 -2.87292960e-03  0.00000000e+00  0.00000000e+00\n",
      "  -7.81690950e-04 -1.41255515e-03 -1.41255515e-03 -1.41255515e-03\n",
      "  -2.47192383e-04 -2.11144647e+00 -2.47192383e-04 -2.47192383e-04\n",
      "  -2.47192383e-04]\n",
      " [ 0.00000000e+00 -2.87292960e-03  0.00000000e+00  0.00000000e+00\n",
      "   0.00000000e+00 -1.41255515e-03 -1.41255515e-03  0.00000000e+00\n",
      "  -2.47192383e-04 -2.47192383e-04 -2.11144647e+00 -2.47192383e-04\n",
      "  -2.47192383e-04]\n",
      " [ 0.00000000e+00  0.00000000e+00  0.00000000e+00  0.00000000e+00\n",
      "   0.00000000e+00 -1.41255515e-03  0.00000000e+00  0.00000000e+00\n",
      "  -2.47192383e-04 -2.47192383e-04 -2.47192383e-04 -2.11144647e+00\n",
      "  -2.47192383e-04]\n",
      " [ 0.00000000e+00  0.00000000e+00  0.00000000e+00  0.00000000e+00\n",
      "   0.00000000e+00  0.00000000e+00  0.00000000e+00  0.00000000e+00\n",
      "  -2.47192383e-04 -2.47192383e-04 -2.47192383e-04 -2.47192383e-04\n",
      "  -2.11144647e+00]]\n"
     ]
    }
   ],
   "execution_count": 6
  }
 ],
 "metadata": {
  "kernelspec": {
   "display_name": "Python 3",
   "language": "python",
   "name": "python3"
  },
  "language_info": {
   "codemirror_mode": {
    "name": "ipython",
    "version": 2
   },
   "file_extension": ".py",
   "mimetype": "text/x-python",
   "name": "python",
   "nbconvert_exporter": "python",
   "pygments_lexer": "ipython2",
   "version": "2.7.6"
  }
 },
 "nbformat": 4,
 "nbformat_minor": 5
}
